k <- 12
n <- 18
