k <- 6
n <- 9
