N <- 7
K <- 6
brain <- c(0.3244444444444444, 0.3348148148148148, 0.4533333333333333, 0.38592592592592595, 0.557037037037037, 0.6451851851851852, 1.0)
mass <- structure(c(-0.779466692782747, -0.9170196385679378, -1.0087216024247314, -0.3668078554271751, 0.9170196385679378, 1.4213804397803034, 0.7336157108543502, 0.6075683251576733, 0.8409250175192713, 1.0175192711983179, 0.13454800280308338, 0.8409250175192713, 2.0203223545900486, 0.5381920112123335, -0.4735792730502043, -0.7711447556282589, -1.0263936697412122, -0.04935326436020856, 0.7711447556282589, 2.8716466768651814, 0.39482611488166847, 0.3691392697349003, 0.7071548850897866, 1.035345467259956, 0.018103165058298534, 0.7071548850897866, 4.081702416456278, 0.28965064093277654, -0.28773176575650117, -0.6484749171365877, -1.044375338797645, -0.006640383151478657, 0.6484749171365877, 5.801651975754952, 0.212492260847317, 0.22427732786276, 0.5946642341329671, 1.0534839652848325, 0.0024357447030086323, 0.5946642341329671, 8.246354636750839, 0.15588766099255247), .Dim = c(7, 6))
