N <- 100
K <- 5
y <- c(-0.08735454647913549, 0.679635184826377, 0.30397783353121377, 1.155150920130062, 0.3997666128654501, 0.752034496694156, -1.0262300327288985, -0.9129873455763625, -0.34566118384598443, -0.35088838993226573, -0.6416273375188752, 0.6703950651833938, -0.7932572597878549, -0.8082357806518666, -0.5388023819995648, 0.5805104088347545, -0.3997910153327895, -0.9830219902671098, 0.6051294293785991, 0.09833013441996821, 0.4100452906163355, 0.7328764373847916, -0.8970670803685552, -2.102475837789066, 0.22593757008636298, -1.9429410242600087, -0.20941295358189224, 0.8000004496513202, -0.4369223929668737, 0.7205716354535525, 0.7929324126579455, -0.3761421721152914, 1.5155588988166309, -0.86206021960629, 0.576792800980155, -0.5135535066768462, -1.0191787640560115, 1.508529491231501, -0.6418071659059641, -0.7816420984029158, -1.1338890989864145, 0.6493251730317416, -1.732427496883937, -0.5206257508673939, 0.7196388734556992, 0.21173295253992766, -0.5609459278376043, -0.513577279497185, 1.1230762713950113, -0.34232833038318006, 0.3137209299137463, -1.4849448333751514, 0.12099866834692806, 1.2977792400760688, 0.4464458311961489, -0.9668371326620755, -0.3992662147398588, 2.2388117386005626, -0.059651560915741156, -1.1109546721791659, 1.373988646756975, 0.10541776977693106, 0.7598015316317462, 0.6444688063097976, -0.3841600897516884, -0.28126874937361235, -1.2219100678022499, 0.33959335133347696, 3.1603450309989674, 0.8120447456278579, 0.12894190156822175, -0.13841655181633003, 0.14080549478703902, -1.5551327740155807, -1.4414546421219105, 1.1195946207249212, -0.7705933113272756, 0.701344756946684, -0.4913848223508429, 1.1128999188013358, -0.22784886482737104, -0.34510923237984065, 0.5451251812094227, -0.9849884495530561, -0.5080571309926031, -0.35040694974731734, -0.5721119754136323, 0.8054720956209075, 0.12786647928828163, 0.1377483162351871, 0.47280344306554817, 1.502516796042779, -0.4296450354647846, 0.39039200067998403, 0.39807418597797045, 1.9804915934692147, -1.3464295959984944, 0.2748894395196588, -0.511222595484397, 0.9083650253086186)
x <- structure(c(-0.3237076973039444, -0.6163513447675626, -1.1504805065457806, 0.9156141384117774, -1.279243531824435, -0.010792456094266515, -0.03198761449758951, -0.5144794666738715, 1.2331172537769937, -1.767782984209408, -1.1444984685104196, 0.12554636795109275, -0.4763427247865611, 0.38826006495519017, 1.8111325603832777, -1.4175219325163582, 0.4176564622551794, -0.9249405348841491, 2.1143120923465646, 0.25354755518520283, -0.3617114976311245, -0.7531994115121295, -0.6961137735795898, -0.8415549489477046, 1.2894327738920395, -0.6383592339879625, 0.4213565444008177, -1.2320933657942998, 2.3770941290590004, 1.6496116062557764, 0.60656215302063, -0.1157595584741423, -0.8565085042487798, -0.30414332951908823, 0.37896057886334494, -0.06693763126718832, -3.802660279321655, 0.046992329249269923, -0.6633206729205912, 0.38571308447679103, 0.07264018128960521, 0.9486255323333139, 0.8939777139939323, 0.4925425604397004, 1.1957277428875606, 0.5114225039928338, -1.411984030866081, 1.0801759871094172, 1.7286919869511168, 0.791521077280592, -0.0036171858300811303, -0.34701642262068594, -0.422635900417784, 1.1754711911556788, -1.2006158397311606, -0.6092577677198834, 0.007926551947500568, -0.28432482411541404, 0.13768755830490095, -0.45519007908163206, -1.025443045238545, 0.4220937269624417, -0.6196696329910752, 0.14322332690556755, -0.6265576611030497, -1.958977034602328, -1.7075825859297369, -0.5391384449194013, 0.48713762729526267, -1.1163139006798952, -1.5535089481366908, 0.8392076332133755, 1.1668521906965357, -0.873202543227057, 0.4044940066517579, 1.3256144409889972, -0.5805408725873304, -0.047465345146641275, -0.004384564867473734, -0.5118635832884104, -0.5525890359355407, -0.9920777845146114, 0.18681087520839273, -1.125607218608342, -0.5042210248591202, -0.7838981914581117, -0.8724543839165886, -0.6751564431696995, -0.13511071452690168, -1.7917729087526977, -0.05884371827204688, -0.6045266928459001, 0.12080661659583809, -0.14777139257688324, 1.1146097269991895, 1.819093078399915, -0.4936058637263173, 0.11830200711009123, 0.5619739787238903, -1.127047395870085, 0.8177964733581655, 0.47262820406035705, 0.8298194777627876, -1.1931604886923046, -1.73061407664934, -0.8037861319647102, 1.6308365916210714, 1.6533334158177406, 1.0679385830400239, 0.7284455318095117, -1.8640679255138384, -1.1052133884590958, 0.17986990019389798, 0.8913496687146587, 0.20118784976578158, -0.6481713639358713, 0.6311096162457878, -0.4396851461679544, 2.6231228644503637, 0.5356291162182716, -0.3470516376359124, -0.04926939446070645, 1.4437310551842053, 2.513387099833598, -0.4361318466419616, 2.148226991535985, 1.0753347691497488, 1.2515343082782235, 0.5089825634374191, 0.7685747754136089, 0.3468362653296474, 0.690754055009259, 0.23052607015786414, 1.8402037014106098, -1.6614587669180851, -1.4987528054614805, -0.8699978117461302, 0.7736825327891108, 0.8260557970075793, 0.06817883793071927, 0.023040943288414304, -0.36847676455750256, -0.12068390275260742, 0.4771256181376034, 0.6896745480917966, 0.8581499875990733, 0.7898712257833764, 0.4190744012750978, 0.41747637162634854, -0.011424596234383935, 0.4688055793895825, 2.1338780578834484, 0.5500321369817789, 0.04132655435431535, -0.5110827639443619, 0.8683414967425601, 0.2594220555720447, 0.5375562892018656, 0.2932524419982779, 0.8608024687970283, -0.8413647324106208, 2.0493037372010496, -0.1369485925905697, -1.5180885895598415, 0.0064261755062885876, -1.0410060984196978, -0.34169723219870207, -1.5835409214284832, -0.5223126722572778, -0.920754369245836, -0.8968239167532411, 0.053136647190861315, 1.4382478642285994, 0.784879079630787, 0.731029883344397, 0.19649225668453155, 0.02772136112296989, -1.8049629922333468, 0.9800722874625846, -0.7476146039482326, 0.5275082731283552, 0.028558604967823562, 1.0927010107122266, -0.6461384563045918, 0.17962824782290207, -0.6049800026371244, 0.4403616462761406, 0.6826924017737009, -0.036938130434377985, -0.3491688787842291, 0.33841334154827973, -0.8315080827954373, 1.4139158470136963, -1.1596923496803178, 0.07392140958330341, -0.040986281573605676, 2.480875933583607, 1.5765160369901134, -0.2643880161603015, -2.5600545467484874, 0.3560444787947327, -1.46777424134029, 1.5007854083551024, 1.1417446880001698, -1.0276540138939492, 0.7433982278640133, 1.917929182164449, -0.9880720775301128, 0.31663466274876856, 0.8046105328017417, -0.5466291818919985, -0.30260949863281783, 2.1315661027080326, -0.22365764273336528, 0.17469930388877272, -0.14432852831363824, 1.3164876297558874, -2.2522254975589266, -1.4267313405154247, -0.37299944291130926, 0.05468740372731981, -1.0370848187493282, 0.8864492656229854, 0.21238768924175813, 0.6538079498367955, -1.606498875561118, -0.6002092842870789, -0.2938121832185192, 1.148220171464206, 0.0935322699011146, 1.035711665048429, 0.08622901363474539, 0.6798281083614398, -0.7558273155978854, -0.3393329487386319, 0.9081998374561916, -1.3129718069855096, -0.7482439552977163, -0.759409485585364, 0.3910436078826633, 0.4043821646932519, 2.2151429775542475, -0.5326837768634384, -0.7974456057779232, -1.0864769187212528, 0.14712317899368607, 0.07160201973604038, -1.522668398255603, 1.2592559758644506, 0.3860919510976903, -0.9087087379492346, 1.016677447231467, 0.7138464719644951, -2.7061141545029352, 1.1439352550483068, 1.6974534433474586, -1.1625538613232118, 0.4870584796858381, -0.02550296830169245, -1.686688275235613, -0.2629764078991088, -0.2601468141925886, -0.44276777048392013, 0.5294471033767936, 0.7506826336538747, 0.7573414916583958, -1.3557466638332591, 0.3705745665892612, 0.3033084036147559, -0.7210658158758263, 0.5454972589619028, -2.307845529041207, -0.5378190413785973, -0.6376393798901188, 1.182868649634085, 0.7679233557993383, 0.546181042948035, 0.037359893028401196, 0.16109101605276058, 0.8588130286206711, 0.7087547151562956, -1.3914112733050326, 1.0217052738294585, 0.19120351758737622, 1.289212521024479, 0.5389016498872641, 