N <- 20
K <- 2
y <- c(-0.39393028384755924, 2.0862224896624593, -0.07083830733984428, -0.9387509937855513, -0.9822780388036407, 1.182170437586176, 0.6517551178113736, -1.1099502820961, -1.515109667296391, 0.31929724562432693, -2.222804282758694, 0.5028035661945649, -1.900169596927899, 0.13597154621606464, -0.4583451634152782, 0.7358406972989404, 1.1391458953336795, -0.544322401037909, -0.7685412766740285, 0.3633257219646847)
x <- structure(c(-0.4703425668339793, 0.24726943380555896, -2.0033782528274413, -0.00035365761560382514, 0.54727346151345, 1.513394690244158, 0.5382104877256025, -0.6088253824687155, 0.4430658419374863, -0.42455996151662034, -0.46236208915672655, 1.0122300445328876, -0.6885303726402636, -0.30548094742285614, 0.42264219623469157, 1.335971755610841, -2.593376445953752, -0.5964874949222257, -0.8517502678301808, 0.09054617543000129, -0.7582088217444203, -0.44347767400940175, 1.1881963608957218, -0.6870439584542327, 0.014185680291984581, -0.4868314869902772, 0.08026462331844073, 1.7631980535919685, -0.8402604977104994, -1.912400688532641, -0.5518950179221078, -0.17711367849780274, 2.0185864499336885, -0.3931327234732751, -0.37819284733447445, 0.60235376493337, -0.48314976997267806, 1.0820202535965218, 1.6467536211905418, -0.7013836853855633), .Dim = c(20, 2))
N_new <- 20
x_new <- structure(c(0.45709343841462385, -0.3423028603483308, -0.16332440980677548, -1.0647830667210567, 1.713616737669818, 0.4185671872376594, 0.21616854829862037, -0.76826173950032, -0.709887860798234, 0.28065523267814996, 1.7611239682753754, -1.0371707261884822, 0.6473714703987545, 0.3578651717094795, -0.024195733333474412, 0.3465120760575188, -1.4522063615475078, -0.6524185692302221, 0.2568876095545771, -0.8888521844228069, 0.9621711818823708, -0.4863066241810693, -1.6033353799127312, -0.5178484768487907, -1.5388203330930423, -0.4102068910516771, -1.608408207473629, 2.500637623741797, -0.1783236496427733, 2.251711652459067, -0.4763554215499596, 0.06639143030031155, 1.4965446441599257, -0.7114155083821125, 1.4492120901365948, 0.3560385386678988, -1.2039909048100543, 0.14689950441215066, 2.096342145171164, -0.5780254889748722), .Dim = c(20, 2))
