N <- 100
K <- 5
y <- c(-0.5532618453333615, -0.24148190709990572, 0.37617239435733346, -1.3905971760029625, 0.023386517378712293, -0.2588101186196616, -0.502701032844084, -0.8440273226517687, -1.4046940195576054, 1.2985762124564153, 0.7264250157373191, 1.6379609033062645, -0.5551270293692732, -0.2907271479122414, -0.4310326125850521, 0.5057598196674563, 1.2807254220710342, 1.9676666081581433, 2.468850969736492, -0.8410695529686539, 1.1770837528749725, -0.3692855975063237, 0.08244714983772178, -0.723347935268401, -0.7833677328998163, 0.5141200031654803, 0.31675475261569386, -1.2283322597522375, 0.4440554092910889, -1.392715986942384, 0.20152496980471898, 0.7050080343058842, -0.2477198114072145, 1.1643408447613268, 1.5717062201516527, -0.13416398706039045, -1.4720294313774884, 0.2664214393057815, 1.5104039778413088, -1.5747516453300634, -0.14821077379199182, -1.0007988463244342, 0.7902281951066473, -0.7940383439356155, 0.03321637370858006, -0.6999300107824191, 0.26269300207421625, 0.03325072205727857, 1.6422655995595856, 1.1460906848513461, -1.4001114433807378, 1.2887325105409384, 0.4656474670062803, 0.8406776473997665, 0.7916020181686443, -1.0592492031014002, -0.6932112795657343, -0.9626874471415305, -0.9677353084862046, -0.06003615710926724, -0.5394538324064135, 0.17105990004330648, -0.6225135160361618, -0.4359228747259086, -0.4469916562969045, -1.8971154155883743, -1.3637000958527552, 0.4990213992776036, 1.3781945428878635, -0.006800697383866169, -0.3974102696591526, -0.6533101992723133, 0.17538883035640454, -1.4100747942146916, 0.028018545640384897, 0.9766746775600663, -0.19190752010597886, 1.654504331461048, -0.14669706500707255, 1.935481213682332, 0.22282144810494536, 0.040704145305649087, 0.0871365470924732, -0.0717403071468285, 0.518329993273782, 0.001425801038524667, -0.19099907536394156, 0.4751993279257368, 0.5400469601040199, -1.5454723913861164, -0.20171083838089757, 0.3055724784479341, -0.19487195564399204, 0.632245849455001, 1.2643797035851947, 0.6120169191588992, -1.3219037926145745, 1.2114387398588198, -0.48657048378157114, -0.7303932273015635)
x <- structure(c(0.24138339376488316, -0.6634521071975383, -1.3023450545217796, -0.6189443388344813, -0.029490939515924616, 0.9029564087647156, 0.1023137930899943, 0.016285143345345914, 0.791756834425907, -0.2120210532024934, 1.8685682869078541, -0.8046921314799667, 0.6644192656711018, -0.055457514502329226, -0.10673659898614826, -0.18691104177566487, 0.7828846576488135, -0.224471177539343, -0.5949333480835747, -2.461246227772486, -1.230853296965297, -2.267811291303081, -1.5737455379250966, -0.44025615380342475, 1.1573994282337945, -1.7627015167226807, 0.7705740440566162, 1.2997421110810845, -0.8028351578981905, -0.6359011220178403, 0.7688668996615491, 1.7944824726465523, 0.2738073688258748, -0.31335842868375796, 0.7475747783936834, 0.6216636358488136, 0.8086278692489491, 0.4319054851593072, 1.9387794061386008, 0.5456594033632268, -0.14769867405368678, -0.5758852257926513, -2.2433039951797067, 1.9766487207271561, -0.4881574850814902, -1.1072069961165265, 1.3347474849048206, -0.45354205388209395, -0.9036076230351007, -1.5655277514537347, 0.9862675253772936, -0.32173638894282686, -0.39391525287874407, -0.10426205004104613, 0.00837678182277877, 0.5323060296312744, 0.0932659123140461, -0.1430849261145091, 0.9713399382668445, 0.7340780541368299, -1.5922503865980147, -0.47261880199130224, 0.7945544275945517, -1.5603484712343492, 1.2815543798343307, -0.2828660461798629, -0.4445179691027782, 0.019770164044959536, 0.49646688864375677, -0.45269272141728323, -0.9587166372686599, -2.1843488131028144, 0.05618809004958935, -1.3484142384933675, 0.39838463819060815, -0.20209940207780064, 0.7256137486667417, -0.12094624879921477, 0.25672097575253555, 0.8249739351721256, 0.644898383115578, 1.494968538864343, 1.8651870017568486, -0.2128055270152174, -0.8634663704064848, 0.960343708687317, 1.1244055083776727, 0.09030071265110612, 0.6126223814749528, -0.2919691478955485, 0.43266755954665453, -0.16904231141548207, -1.5322757679387646, -0.988123713400324, 0.4775399383841629, 0.9358442551742323, 0.598631947428679, -0.7457005303304528, -0.7618067854630712, -0.24782722748327563, 0.1317237370368107, 0.20642384546891618, -0.24072703718463467, 0.6085826350294922, 1.0623626176307182, 1.7853424060773326, -0.4458014312807256, 0.5915109889883147, 0.11849989272791593, 0.5848029223922533, 0.6818527380879208, -0.6994828510582777, 0.09402558577982743, -0.3750875640598501, 1.057867549396363, -0.6653983728603816, 0.0051381632232755945, -2.925779789998869, 0.23692195363329668, 0.08683587346115419, -0.6299638523535132, 0.5031466030698056, -0.5481840654386828, 1.2517151498455525, -2.7433529857576544, -1.919717119887419, 0.7273028256990627, 0.6933657574533115, -0.7475230338848251, 2.171131647918577, 0.3746807203961537, 0.40921579227841876, 1.0991018490935882, -0.6109222740271115, -2.024766601659696, 0.5332276989484626, -1.4251816087517288, -0.6705310224414586, 0.5380255638430882, 3.0288449298205573, -0.35701973313347646, -0.32959330503275663, 0.04952302707033743, -0.12974160204677676, 0.5649768569387298, 0.11431261450341737, -0.17967193920099017, 1.611843186500898, -0.6293059790733239, -1.09704248737878, 1.34457375001841, -1.2674065519560442, -0.10519036905772891, 0.007390531513933687, -1.5598513128468965, 1.1512687260282666, 1.444586383006053, -1.364732989668754, 1.9084024966385487, -1.5202937242156096, -0.6328566260048841, 2.0287163854444863, -1.594708608319197, 0.177711476075751, -0.2887712119171122, -0.18240676031583888, -1.252397284225668, 0.00956307699312512, -0.4399514854552629, -1.0356599503743176, -0.20424828658719266, 1.1226797131328166, 0.150522795631055, 1.6488738709419468, 0.3710597556278135, -0.49079494080819003, -0.22370212210596163, -1.6175371984278917, 0.2142037871310294, 0.15209741968834367, 0.7759104391887305, -0.4853100765460406, -0.23351035528474123, -1.0153348214271216, -0.7414961781954496, 0.4998214734977964, -1.146272997671504, -1.263906670461364, -0.18048717218043397, 0.6832950844649487, -0.1587526614109668, -0.9415859438061019, -1.7144695004197095, -0.7374763966317696, 1.0342255606765376, -1.0601177328016589, -0.9236225777249651, -1.2501251789378496, -0.35738127462237224, 1.2900451364038912, 0.11506420381753796, -0.05177504861184941, -0.5364803636763247, -2.31345314597485, -1.512093033992979, 1.530308596513744, -1.7885766983236586, -0.6790996108376505, -1.7298685096487134, 0.6806013207148419, -0.25627028143978986, 0.05422792714372167, -2.1851639505583598, 0.08458418711872139, 0.643497638342704, 0.4673715882605502, 0.4036103401382304, 1.1073648706674684, -0.21915128768340925, -0.23093701297309538, -0.41465483467109443, 1.1896747914463366, -1.0830898750968563, 0.9107873576923887, 1.860033851170236, -0.4106738420231164, -0.5554734392988576, 0.7571708844000653, 1.078459452157162, -0.7962607160362521, -0.3151656294072338, -2.573710858418906, 1.515372055373156, -0.6923110307224446, 0.5612276864735966, -0.8290897941808103, -0.24006994484855476, 0.04179318265328619, -1.0856655797345265, 0.9892028381299989, 1.2714436523096524, 0.6131432273883813, 0.909603834134411, -0.30319586740223486, 0.8514191802945905, -0.972708244632567, 0.8103382064315741, -0.5355353927498736, 0.13654497639038182, -1.1528162788713556, 3.2727130619136116, 0.6606353068208712, -1.4750565184, -0.5468399646486568, -0.09658970484335085, 0.11072800758435225, -0.6458569585951992, -1.180951447504716, -0.28808056750094674, 0.02613381493840712, -1.299032541383488, -0.3039446925699821, 1.9005206909429355, -0.994267220936332, -0.6381136029964408, -1.6962739765538974, -0.9591421641993124, 0.2627228558174696, -1.365028880141478, -0.8012893282425537, -1.1780652055407472, -0.9263481802419751, -0.33073734981818315, -0.27699262428063914, -1.3089459781566355, 1.480135975631434, -0.2264210491047608, 1.497357521985152, -0.13731988265938597, -1.111034413311591, -0.40823966836300374, 0.13209947861023502, 0.45165764586042534, -1.8710767212657198, -0.28711326515358565, 