N <- 100
K <- 5
y <- c(0.6485474917425283, -0.2884754220810248, -0.8273891768512899, -2.653666905445074, 0.09984621280596988, 0.5616092531656738, -0.32417942886238166, -0.0947751530604026, -0.03320916785841877, -1.1057877853463232, -0.21857510660572094, 1.1374409714194955, 0.8665696142983664, -0.08836214931407771, 1.3777745437610143, -1.162043045025803, 0.22766130804918405, 1.0701511475437215, -1.4265726166224924, -0.24059572360336906, -3.1959824693059318, 0.5454340564790084, 1.3579648559956132, 0.9843985118414552, 0.06230272344195658, 0.5108456479465964, -1.0562034156537297, -1.0637208713166286, -0.9604538936631208, -0.9686326825017583, -0.4568674733659109, 0.47384513894200053, -0.4133488827621219, -0.3399673033880975, 0.33396552884700875, -0.9351900134606573, -1.6385755079699582, 0.30132734596050137, 0.9053964873783756, 1.6444435678659037, -1.8954320944134124, 0.6072857213503478, -1.147234411770502, 0.8571762218899673, 0.6959292023336013, 0.5977243490348446, 0.028565384634052525, -0.5587047185818583, 0.3632240881871709, -0.18865208369735748, 0.6793191380714958, -0.7907110927617476, 1.3246703423960795, 0.8527677539080107, -0.015223183191977187, -1.5847575076969058, 1.0190128814936896, 0.25167667585347986, -1.2214003118986856, 0.4529328630811416, -0.5977038775997832, -0.6977430537114597, 2.5714003651998665, -0.29400122102543563, -1.3011983058086973, -0.25938128129987126, 0.4592994556134253, 0.7041327206443433, 0.268170757150558, 1.6186569120862142, 0.10291220053833613, 0.6802369057968686, 0.6735689936122417, -0.5991934105195578, -1.168422924437015, 0.6010456461131253, 1.6620439667258482, -0.6727576039607436, -0.9806392012176741, 0.08064265094269077, 0.8452550038392481, 1.201871249664469, 0.18148160919389672, 1.3636052846913038, -0.6542445163402952, 0.6671475119385805, 0.6143495931668063, -1.23283899819247, -1.123434214309914, -0.13758339142147716, 0.638292629054585, -0.45586161377541284, 1.5183014291390047, -0.2834199660980961, 2.020487837062733, -0.18771461480257992, 0.7878913608989698, -1.4271660997956124, 0.5042282934490413, 0.7610721860456888)
x <- structure(c(-0.10931454149310399, -0.4331851008850855, 1.0776866663430331, -0.6026386389834867, -1.3799192022333386, -0.8148915765675216, 1.759995964376558, 0.997275799850481, -0.9768023957116708, -0.6878131251046053, -0.09862139767804333, -0.8209258983066297, 0.7454374686960732, 1.3291029752329535, 1.4923828328780397, -0.19761890410885619, -2.7263619503323926, -0.012765987560051317, 2.0015628829843943, 1.1323543803010043, -1.912287484092902, -0.539652259868635, 0.032721975056887356, 1.185550565387943, -1.3647070548189602, 0.03890735922954731, -0.33589770398375096, -0.7066800534215425, 1.2107000447125644, -2.19474480087412, -0.04269405341682825, -0.4232341715262132, 0.9372548810345607, -0.6619388320807138, 0.09729142465679762, -0.7439309553126812, 0.08434247010829955, -0.5733445077356946, 0.13821019204215554, -0.5016026022422473, -0.22232377439130138, -1.8242690063344476, -1.4336658036663361, -0.6506107985081897, 2.154500299243623, -0.5337412990600365, 0.6778348452355176, -0.32202312625799734, -0.18088366165788414, 1.1797419911437992, -2.933803418155741, 0.4190036436199174, 0.45826160377275127, -0.38630712233226744, 0.33386141297240296, 0.25346187413384647, 1.3748310799766044, 1.088246541933175, -0.21827487724390257, -0.2059560630515818, 1.120909066359875, -1.0056348885802855, 1.073531216971343, 0.011684643775076243, 1.146688084858303, 0.23247193263030588, 1.0060507956292106, -1.2194781788599587, 0.8314571384243072, -0.4963687038055097, -0.8844070280579959, 0.17906695438791254, 0.7714162766621411, 1.735382533740338, -2.1138904027321175, -1.1143961208048452, -0.042681961486484024, 0.9616277394604863, 1.2061389051302978, -2.0914305634014263, 2.4378157574376895, 0.5200732434860075, 0.5224190116513475, 0.7741057004128126, -1.3495131674782144, 0.15711306864010166, 0.8047620677033839, 0.5246737864732987, -0.7660571836409223, 1.087337892774609, -0.2945950460248283, 0.04084282578802015, -0.5504844756142171, 0.35718955254241674, 0.29635085836688013, 0.7840605822117639, -0.46878220488735645, 0.5047017307074593, 1.2070390977766534, -0.336479875229547, -2.10703027966666, -0.15077426707184952, 3.5401492360103126, 1.9278334392076804, -1.6733614199342064, -0.6726147587990954, 0.5712406612049505, 0.9609609545004368, 1.9473598162156458, 0.5256734205021902, 0.7198499444669814, -0.39830294003762173, -2.1003261270051197, 0.25357347715153905, 0.06140599694040587, 0.4377170923640166, 0.9139738488280802, -0.12935496565434798, 1.4785752067230633, 0.619593636416821, 2.3787394990225574, 0.649073764964067, 0.00990866162199053, 1.1728216642329834, 1.1096276201875852, -0.7323944860719959, 0.035607037582367836, -0.9764838214225796, 1.98626300661316, -0.25236422213218035, 0.4344646851784543, -1.3279399335292847, -0.31133749290285906, -0.027180713510493948, 0.08914064086376809, -1.4985393171448553, 2.558313246090077, 0.7138039076448862, 0.6059847167825991, -1.7331915623877263, -0.8964845717553214, 0.10107602890898225, 0.25528842071218855, -1.307113738341197, -0.28068691902512866, -0.7874600207630896, -0.242938475279501, 0.07986787113968744, -1.2357128196221552, 0.12376945345012526, -0.3733413243945149, 0.8547273292889435, -1.0202547944196778, 0.707804897738867, 1.286977363848578, 0.7140083268035015, 0.1848600679335368, 0.836969821460232, 1.6860653163854222, 0.4561998254903003, 0.323781969520418, 1.4862149341891202, -2.652932817406781, -1.8199229413249054, 0.8443675801574118, -0.16712051289664767, -0.42705629448810284, -0.49433067337784947, -1.0329673857646329, -1.5910669414819678, -0.3682814197638925, -0.4631986877127967, 1.153065079739992, -0.19810911601782116, -1.1417351524950827, -0.7414205895889019, -0.36675971014349407, 0.9208104585244707, -0.08533055898960193, -1.3659745842567188, 0.4940974740954141, -1.6253000414854275, 0.30265424943901953, 0.3675144140368826, -0.6204534403145987, 0.46431058549174425, 0.12693536871807112, -0.1766881064925747, 1.964250809009205, -1.0933977445338163, -0.09921650565702833, -0.21796701679039704, -0.3789974499568669, -0.5806553049913443, -1.224758076355433, 0.5332768470651897, -0.696102185650858, 0.9388212414868732, 0.05074111137628973, -0.6982283677516434, 0.679573140269526, 0.3023651123374582, -0.23153762368188538, 1.5616846439687568, 0.6566877455207373, 0.48865574594282307, -0.6945476686406048, 0.0819840282703662, 0.20743008599835824, 0.8023396252976692, -0.32309130044841256, -0.6448457667120806, 0.6196756622579093, -1.1703953922357282, 0.05635817068217967, -0.22140730808978207, 0.2918753989338222, -1.5716727822724528, -1.2754730457501287, -0.85719552675979, -0.39815952194268267, 1.226143249883814, -2.644967205979609, 0.3969619277773231, 0.2360230785099117, 0.6231575632462957, -0.42727317784964036, 1.1486667430152406, -1.1947116933232504, -1.2308689945100197, -0.8450464691195524, 0.041090985422200896, -0.30444438735467877, -0.47734729338086335, 0.9755200734258844, -0.6088277223598996, -1.8748730996275678, -0.7839151825342949, -0.9778731571577053, -0.23463156785427736, -0.02116600305216151, 0.4165123950160903, -0.6682740970377944, -1.4085669575650603, 1.111198442545981, -0.3088903425935947, 1.3474980098624958, 0.1743060004685337, -1.5242132500345775, 0.08191992603177715, -1.1810786448948567, -0.06131078484446246, 1.0155781504357178, 0.008793546780766475, -0.7828018105691044, 0.01567850236955757, 0.956347632118083, -1.256714531507658, 0.24186128615322697, 0.9207048124703127, -0.324420668999684, 0.4935190064935824, -0.5361073535408495, -1.4373707942971188, 0.5667872467663614, 0.22827131196580108, -1.6064717017697463, -0.4428157107267848, 0.3244422469043394, 0.4145916630134475, -1.8026912634855197, -1.7588374424535047, -1.1309300014261319, -0.9597263500927145, 1.1758250794678937, 0.07840878577657098, 1.6301867823944125, -1.2085224544440942, 0.4402263845042431, 0.9878818674168254, 0.01961263663908337, 0.618865717511348, 0.5695692201177363, 0.5179434407425231, 1.432221558332354, -2.050915672488936, 