N <- 200
K <- 5
y <- c(-0.8409346851456357, 0.9125965605406547, 2.5984757352154206, 1.0112183293217272, 0.8949688869332442, 1.3576040642393405, 0.7902804902671011, 1.0670178522293652, -0.7124304574573677, -0.39348075865148774, -1.6985170426701586, 0.5266184394430456, -1.0540988794011124, -0.33950071463006204, 0.9472288968449665, -0.5892723381620893, 0.19859788171674567, 0.3171491088205855, 0.30283131154071324, -1.1339905532037555, -0.36835493612283493, 1.503036770601141, 1.307192838063366, -1.9184331655299238, -0.6183135841429567, 1.5245724325487209, 1.3395678906299948, -0.2614553832644652, -0.4857860350186116, -0.11815458935435379, -1.0950272562909489, 0.7168271830316212, 0.5430745756229162, -0.029037777965322226, 1.0102614762644202, 0.1117329582778301, 0.35795450135153717, -0.12845044897313346, -0.6373779335047197, 0.6267657425680975, 0.6788724152368933, 0.0938923319811934, 0.13380372604475507, 0.176780115197837, 0.14635098901086765, -0.0018359951898713114, 2.3445746172379875, -0.6613453838488381, -0.49427786485027814, 0.31749234181563174, -0.6646376040573725, -1.3707845095914635, 1.2948417570766375, -0.2482415223618315, 0.38201074906737303, 0.7079967041467343, 0.21795948587298636, -0.019778008679144414, -0.4599569473734773, 0.8629791513056453, 1.3615477061817227, 0.277355459152766, -0.10429631693446251, -0.5165760169639078, 0.4276306674018252, 0.030089256022390706, 1.2138379618101256, -0.11220114355226278, 1.0470056590887598, -0.7253787227993106, 0.6387622907364222, -2.09755887546911, 0.5649100183853206, 1.0331684246250348, -1.4763608421661054, -0.08060511507397715, -0.8349467955740469, -0.4843984793967371, 0.02420341638642046, -0.07226802473830006, 0.31697635128356033, -0.915369406061492, -3.036625502916309, 0.7746429638807896, 1.074827604634448, 0.7574973831274502, 0.6650850904535361, 0.039683778906530486, -1.7581923232091792, 1.4810932781649007, 1.3770174747873332, -1.0656107234712318, -1.173948006966934, 0.2899973941718075, 0.45102494249825925, -0.3286992337087405, 0.3271831659723, 0.1508722106769953, 1.1357601836014741, -0.9984768210216306, -0.5333844674355535, 0.9601535806491094, 0.3066312465459655, 0.6474084807094824, 0.35298274293223597, -0.42830985235451297, 0.8607533039046404, -0.17413698275216022, -0.5561951428196296, -1.1454569556813956, -2.0020366942266508, 1.1788615986503364, 0.2788982653078525, -0.9957376673275468, -2.068677364026851, 1.2543081755712324, 0.20402479788732247, 1.0050772966304546, 0.7833042261491243, 0.4746027847133244, -0.4071807493184339, 1.2400665125820671, -2.487812989602405, 0.4649222904262764, 0.2604543805745937, -0.6095717340000796, 0.05868227687723845, 0.7389651072193987, 1.844612716177987, -1.6389814656811945, -1.2265534239324778, -0.42424803598670086, -0.5933268904887827, -1.1682221848971939, -0.9797465747429825, -0.4153789481602236, 0.2903821034548863, 1.3895161501760953, -1.4318847356593813, -0.818017741112404, -1.2651142524862136, -0.027497589425481635, -0.0798480865499745, -0.561105449687875, 0.058241547290678014, 0.12030562102085485, -1.0002761802940578, -0.40900791405147735, 0.6041304394852091, 0.7873029171529933, -0.05249354346872043, -0.5475477675323939, -0.21236020771312736, -1.270757714773812, -0.3261589732711465, -0.4272605436029561, -0.08782029851541415, -0.4546777791881212, -0.46267201828368215, -0.3291880810855522, -0.6661458121876828, 2.7476058045628204, 1.9996489640543318, -1.6946323950962143, -0.22791900308178362, -1.3911003953594268, -0.20818108115197637, -0.7573234961559114, -1.0525142426035543, 2.227882463401299, 0.10182616613739197, 0.35107138075595273, 0.773017061605568, 2.1626386965134583, 0.3997227836313179, 0.292629635221833, -0.04143533956014441, 2.1034370043017434, 0.21458301495165902, -1.6510284169966165, 0.27219895807539096, -0.917042102252308, 0.5669931306553617, -1.6561862312504088, 1.6666267388618017, 0.08291791345609034, -1.1773065309435924, -0.35060495711886175, -1.93815042166071, 0.6878102996274729, 1.5982021335603749, 0.46018317581354257, -0.2685397937750175, -0.23622652738989833, 0.6736453485881043, 0.12981614744701703, -0.7866759856823841, 0.43477170492194245, 0.8570966501743799, 0.23540701430988153)
